25 25
.$img$geral$tile-Sheet.png
0 0 0 0 0 0 0 0 0 0 0 0 0 0 0 0 0 0 0 0 0 0 0 0 0 
0 0 0 8 8 8 0 0 0 0 0 0 0 0 0 0 0 0 0 0 0 0 0 0 0 
0 0 1 25 21 28 4 0 0 0 0 0 0 0 0 0 0 0 0 0 0 0 0 0 0 
0 0 1 26 15 26 4 0 0 0 0 0 0 0 0 0 0 0 0 0 0 0 0 0 0 
0 0 1 27 21 30 4 0 0 0 0 0 0 0 0 0 0 0 0 0 0 0 0 0 0 
0 0 1 18 7 18 4 8 0 0 0 0 8 0 0 0 0 0 0 0 0 0 0 0 0 
0 0 0 2 0 2 1 24 12 8 8 9 24 12 8 0 0 0 0 0 0 0 0 0 0 
0 0 0 0 0 0 1 27 21 21 21 21 23 21 28 12 0 0 0 0 0 0 0 0 0 
0 0 0 0 0 0 9 18 6 2 2 2 2 3 19 28 4 0 0 0 0 0 0 0 0 
0 0 0 0 0 1 24 6 0 0 0 0 0 0 3 26 4 0 0 0 0 0 0 0 0 
0 0 0 0 0 1 26 4 0 0 0 0 0 0 9 26 4 0 0 0 0 0 0 0 0 
0 0 0 0 0 1 18 12 0 0 0 0 0 1 25 22 4 0 0 0 0 0 0 0 0 
0 0 0 0 0 0 3 24 12 8 8 8 8 9 26 6 0 0 0 0 0 0 0 0 0 
0 0 0 0 0 0 1 19 21 21 21 21 21 21 22 4 0 0 0 0 0 0 0 0 0 
0 0 0 0 0 0 0 2 2 2 2 2 2 2 2 0 0 0 0 0 0 0 0 0 0 
0 0 0 0 0 0 0 0 0 0 0 0 0 0 0 0 0 0 0 0 0 0 0 0 0 
0 0 0 0 0 0 0 0 0 0 0 0 0 0 0 0 0 0 0 0 0 0 0 0 0 
0 0 0 0 0 0 0 0 0 0 0 0 0 0 0 0 0 0 0 0 0 0 0 0 0 
0 0 0 0 0 0 0 0 0 0 0 0 0 0 0 0 0 0 0 0 0 0 0 0 0 
0 0 0 0 0 0 0 0 0 0 0 0 0 0 0 0 0 0 0 0 0 0 0 0 0 
0 0 0 0 0 0 0 0 0 0 0 0 0 0 0 0 0 0 0 0 0 0 0 0 0 
0 0 0 0 0 0 0 0 0 0 0 0 0 0 0 0 0 0 0 0 0 0 0 0 0 
0 0 0 0 0 0 0 0 0 0 0 0 0 0 0 0 0 0 0 0 0 0 0 0 0 
0 0 0 0 0 0 0 0 0 0 0 0 0 0 0 0 0 0 0 0 0 0 0 0 0 
0 0 0 0 0 0 0 0 0 0 0 0 0 0 0 0 0 0 0 0 0 0 0 0 0 
